10101010  
00000000  
01010101 
01000010
00000010
01000100
00000011
01000110
00000100
01001000
00000101
01001010
00000110
01001100
00000111
01001110
00001000
01000100
00001001
10101010
10101010
10101010
10101010
10101010
10101010
10101010
10101010
10101010
10101010
10101010
10101010
10101010
10101010
10101010
10101010
10101010
10101010
10101010
10101010
10101010
10101010
10101010
10101010
10101010
10101010
10101010
10101010
10101010
10101010
10101010
10101010
10101010
10101010
10101010
10101010
10101010
10101010
10101010
10101010
10101010
10101010
10101010
10101010
10101010
10101010
10101010
10101010
10101010
10101010
10101010
10101010
10101010
00000000
01000000
00000001
01000010
00000010
01000100
00000011
01000110
00000100
01001000
00000101
01001010
00000110
01001100
00000111
01001110
00001000
01000100
00001001
10101010
10101010
00000000
01000000
00000001
01000010
00000010
01000100
00000011
01000110
00000100
01001000
00000101
01001010
00000110
01001100
00000111
01001110
00001000
01000100
00001001
10101010
10101010
00000000
01000000
00000001
01000010
00000010
01000100
00000011
01000110
00000100
01001000
00000101
01001010
00000110
01001100
00000111
01001110
00001000
01000100
00001001
10101010
10101010
10101010
10101010
10101010
10101010
10101010
10101010
10101010
10101010
10101010
10101010
10101010
10101010
00000000
01000000
00000001
01000010
00000010
01000100
00000011
01000110
00000100
10101010
10101010
10101010
10101010
10101010
10101010
10101010
10101010
10101010
10101010
10101010
10101010
00000000
01000000
00000001
01000010
00000010
01000100
00000011
01000110
00000100
10101010
10101010
10101010
10101010
10101010
10101010
10101010
10101010
10101010
10101010
10101010
10101010
00000000
01000000
00000001
01000010
00000010
01000100
00000011
01000110
00000100
10101010
10101010
10101010
10101010
10101010
10101010
10101010
10101010
10101010
10101010
10101010
10101010
00000000
01000000
00000001
01000010
00000010
01000100
00000011
01000110
00000100
10101010
10101010
10101010
10101010
10101010
10101010
10101010
10101010
10101010
10101010
10101010
10101010
00000000
01000000
00000001
01000010
00000010
01000100
00000011
01000110
10101010
10101010
10101010
10101010
10101010
10101010
10101010
10101010
10101010
10101010
10101010
00000000
01000000
10101010
10101010
10101010
00000000 



